00000000
00000000
00000000
00000000
00000000
00000000
00000000
00000000
00111100
01000010
10010101	
10100001
10010101
01000010
00111100
00000000
00000000
00000000
00011000
00111100
01111110
11111111
00111100
00111100
00111100
00111100
00000000
00000000
00000000
00000000
11111111
10000001
10011001
10000001
11111111
00011000
00011000
11111111
10000001
10011001
10000001
11111111
00000000
00000000
00000000
00000000
00011000
00001100
00000110
00000011
00000110
00001100
00011000
00110000
01100000
11000000
01100000
00110000
00011000
00001100
00000110
